-100.428        -0.0233274      0.126311
-99.8621        -0.109685       0.159337
-101.098        0.119581        0.103404
-101.922        0.0243616       0.16815
-100.359        0.00390237      0.12254
-101.054        0.0143316       0.122479
-100.599        -0.0170108      0.13801
-100.292        -0.00172563     0.118872
-100.175        0.0418827       0.118268
-100.558        0.0251431       0.101231
-99.2303        0.13382 	0.104408
-89.7311        0.668998        0.221463
-85.3702        0.755746        0.184491
-82.2691        0.786826        0.295305
-77.5913        0.873249        0.223422
-74.1953        0.896867        0.406021
-73.1949        0.880694        0.292475
-70.1122        0.897223        0.233775
-69.7729        0.828152        0.239504
-69.4673        0.706902        0.239584
-64.0083        0.868371        0.173691
-64.8305        0.721425        0.141236
-62.4975        0.783931        0.29253
-59.939 	0.862987        0.21865
-60.3657        0.767077        0.203601
-59.3558        0.772976        0.359133
-58.4989        0.762985        0.240941
-58.0835        0.696206        0.150218
-56.9715        0.69389 	0.262827
-58.0885        0.330138        0.213105
-55.2028        0.650635        0.400582
-54.928 	0.646138        0.226931
-55.4096        0.575292        0.258535
-53.6231        0.722505        0.319088
-55.0253        0.630742        0.38533
-54.2217        0.69644 	0.391605
-52.2965        0.773977        0.425275
-53.2142        0.74678 	0.313963
-53.2647        0.553756        0.298688
-52.9959        0.825333        0.0979923
-52.7613        0.87965 	0.43118
-51.5571        0.908299        0.500114
-51.9876        0.898022        0.560492
-51.7438        0.902734        0.698037
-52.6302        0.91841 	0.584067
-51.7378        0.932313        0.533035
-57.2702        0.836035        0.421142
-54.7247        0.882828        0.349898
-57.468 	0.853415        0.191588
-59.6206        0.763134        0.27604
-59.8954        0.774501        0.21784
-57.4588        0.85633 	0.337457
-59.1438        0.68716 	0.108925
-56.9792        0.889409        0.193137
-56.7658        0.883682        0.132521
-58.0936        0.847499        0.114844
-55.2626        0.93182 	0.194164
-46.1278        0.915279        0.467638
-35.0426        0.948301        0.54114
-29.2304        0.931626        0.500064
-29.129 	0.910733        0.551647
-27.5606        0.921816        0.510334
-23.4221        0.950043        0.537803
-23.6505        0.968165        0.612238
-22.328 	0.968712        0.658223
-21.9706        0.973446        0.670518
-21.0464        0.981358        0.645521
-21.8178        0.978067        0.604474
-22.6651        0.985019        0.587502
-24.7467        0.979243        0.545938
-27.8198        0.98569 	0.440656
-30.1913        0.970968        0.471837
-29.418 	0.977188        0.464671
-33.8116        0.944182        0.316001
-33.2484        0.953091        0.284159
-32.3468        0.978637        0.3605
-37.7792        0.974646        0.202611
-36.6881        0.98482 	0.365219
-38.5174        0.987818        0.404584
-45.5477        0.959041        0.202568
-48.4428        0.959853        0.378505
-51.466 	0.941458        0.293
-50.0188        0.965396        0.333
-49.3288        0.96596 	0.395015
-50.3982        0.960832        0.459739
-49.0924        0.968248        0.279679
-50.7839        0.94159 	0.344511
-53.7173        0.910317        0.217698
-54.0077        0.899322        0.200456
-56.8865        0.726649        0.22241
-55.8716        0.789263        0.0916222
-56.0994        0.815603        0.248463
-57.3912        0.822421        0.222243
-54.2582        0.911788        0.345606
-53.9475        0.937122        0.415216
-56.8478        0.9175  	0.336687
-58.8203        0.853828        0.230116
-53.4391        0.956023        0.169179
-54.3052        0.948768        0.224295
-52.7772        0.961727        0.373366
-55.7132        0.94142 	0.389347
-54.9185        0.947413        0.368822
-59.1952        0.858945        0.161064
-57.559 	0.912877        0.254825
-55.6979        0.934724        0.172149
-53.0667        0.960863        0.221416
-55.1632        0.941102        0.379103
-54.7084        0.952015        0.387608
-54.6853        0.948051        0.380086
-55.9849        0.9209  	0.205149
-56.4129        0.922808        0.228152
-55.2363        0.936558        0.401398
-55.1017        0.939797        0.308284
-53.6659        0.960781        0.26528
-54.4915        0.936303        0.23562
-55.7341        0.916146        0.431278
-54.5203        0.948309        0.252259
-53.8967        0.953315        0.32751
-55.4986        0.919346        0.308504
-57.192 	0.893643        0.300034
-54.8096        0.940967        0.257852
-55.4781        0.949228        0.120366
-54.562 	0.949159        0.552985
-59.4457        0.8228  	0.243504
-57.3869        0.922003        0.210126
-56.3961        0.931785        0.198426
-56.7055        0.912453        0.316903
-60.5511        0.786141        0.264989
-59.612 	0.819614        0.242902
-56.614 	0.910289        0.399259
-56.9128        0.913464        0.336808
-56.8258        0.894621        0.337903